Template: NONE
Clouds: 1
Grime: 0
BkgDroneVolume: 0
RandomItemDensity: 0
RandomItemSpearChance: 0
Palette: 3
EffectColorA: 13
EffectColorB: 15
FadePalette: 2, 0.7065217, 0.7065217, 0.7065217, 0.7065217, 0.7065217, 0.7065217, 0.7065217, 0.7065217, 0.7065217
WetTerrain: OFF
