Template: SX_SettingsTemplate_Inside
Clouds: 1
Grime: 0
BkgDroneVolume: 0
RandomItemDensity: 0
RandomItemSpearChance: 0
FadePalette: 2, 0.7065217, 0.7065217, 0.7065217, 0.7065217, 0.7065217, 0.7065217, 0.7065217, 0.7065217, 0.7065217
WetTerrain: OFF
