Template: NONE
Palette: 15
EffectColorA: 15
EffectColorB: 15
FadePalette: 2, 0.6521739, 0.6521739
