WaveSpeed: 0.5
BkgDroneVolume: 0.2769565
FadePalette: 2, 0.6956522, 0.6956522
