Template: SX_SettingsTemplate_Inside
Clouds: 0
Grime: 0.203476
BkgDroneVolume: 0.326087
Effects: ZeroG-0-30-30, SSSwarmers-0-29.24896-148, 
FadePalette: 2, 0.7039855, 0.7039852, 0.7085823, 0.705446, 0.7039855, 0.7039858
