Template: NONE
DangerType: None
Grime: 0.3369565
RandomItemDensity: 0
RandomItemSpearChance: 0
Palette: 15
EffectColorA: 13
EffectColorB: 15
PlacedObjects: LightFixture><305.8066><527.949><RedLight~-170.6795~69~92, LightFixture><745.0292><593.5521><RedLight~17.32051~-10~54, 
FadePalette: 2, 0.6521739
