Template: SX_SettingsTemplate_Inside
DangerType: FloodAndRain
WaveSpeed: 0.4851144
WaveLength: 0.9925572
WaveAmplitude: 0.03523574
SecondWaveLength: 0.1666667
SecondWaveAmplitude: 0
Clouds: 0.1413043
Grime: 0.3152174
BkgDroneVolume: 0.2769565
FadePalette: 2, 0.7065217
