Template: SX_SettingsTemplate_Inside
DangerType: Flood
CeilingDrips: 0.5
WaveSpeed: 0.75
WaveLength: 0.5
WaveAmplitude: 0
SecondWaveLength: 0.1666667
SecondWaveAmplitude: 0
Clouds: 0.1413043
Grime: 0.173913
BkgDroneVolume: 0.2769565
Palette: 15
EffectColorA: 13
EffectColorB: 15
Effects: Flies-0.02173913-20-20, 
PlacedObjects: NoSpearStickZone><464.6483><241.8658><-244~118, 
AmbientSounds: OMNI><AM_ENV-Outside.ogg><764.0152><469.9494><0.3913043><0.7065217, 
FadePalette: 2, 0.6413044
